Assignment 3 notes

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

1.1
locally: 
mpicc -fopenmp helloWorld.c 
mpirun -np 3 a.out 

beskow:
cc helloWorld.c -o helloWorld
srun -n -4 ./helloWorld

2.1
local:
mpicc -fopenmp domainDecom1D.c -lm

NOTE: ask in canvas if we are supposed to make this compatible for any number of processes/nodes or only 3 as given in the example?

2.2
done but verify from other's github. 
also check canvas discussions & this link: https://github.com/raaavioli/MPI-Assignments-DD2356/blob/main/domainDecom1D.c


3.1

local:
 mpirun -np 2 a.out 
          8	    0.000000531
        16	    0.000000379
        32	    0.000000368
        64	    0.000000367
       128	    0.000000387
       256	    0.000000418
       512	    0.000000483
      1024	    0.000000656
      2048	    0.000000785
      4096	    0.000002254
      8192	    0.000002815
     16384	    0.000003411
     32768	    0.000004559
     65536	    0.000007285
    131072	    0.000011904
    262144	    0.000021764
    524288	    0.000041336
   1048576	    0.000080921
   2097152	    0.000161866
   4194304	    0.000405061
   8388608	    0.001004744
  16777216	    0.002107056
  33554432	    0.004115481
  67108864	    0.008128890
 134217728	    0.015841656
 268435456	    0.031007653
 536870912	    0.061679344
1073741824	    0.122270849

beskow wiht 1 node:
         8	    0.000000679
        16	    0.000000739
        32	    0.000000780
        64	    0.000000849
       128	    0.000000830
       256	    0.000000839
       512	    0.000000889
      1024	    0.000001020
      2048	    0.000001209
      4096	    0.000001991
      8192	    0.000004430
     16384	    0.000004160
     32768	    0.000006700
     65536	    0.000011590
    131072	    0.000024529
    262144	    0.000044730
    524288	    0.000087972
   1048576	    0.000171652
   2097152	    0.000342290
   4194304	    0.000685461
   8388608	    0.001361070
  16777216	    0.002712419
  33554432	    0.005585201
  67108864	    0.011427310
 134217728	    0.023094521
 268435456	    0.046440711
 536870912	    0.093053899
1073741824	    0.186602290


beskow with 2 nodes:
         8	    0.000001862
        16	    0.000001810
        32	    0.000001669
        64	    0.000001869
       128	    0.000001941
       256	    0.000001869
       512	    0.000001991
      1024	    0.000002570
      2048	    0.000002811
      4096	    0.000003512
      8192	    0.000006130
     16384	    0.000006928
     32768	    0.000010049
     65536	    0.000013499
    131072	    0.000018392
    262144	    0.000458391
    524288	    0.000128210
   1048576	    0.000143130
   2097152	    0.000413301
   4194304	    0.000975471
   8388608	    0.001759858
  16777216	    0.002965410
  33554432	    0.009537599
  67108864	    0.008431010
 134217728	    0.017081718
 268435456	    0.034205809
 536870912	    0.068740211
1073741824	    0.138514729



3.3
clean this up
warmup
